00000000    0x00
00001000    0x08
00011000    0x18
00011100    0x1c
00010000    0x10
00011100    0x1c
00101000    0x28
01001000    0x48




1111111111110111111001111110001111101111111000111101011110110111
1111111111110111111001111110001111101111111000111101011110110111
1111111111110111111001111110001111101111111000111101011110110111
1111111111110111111001111110001111101111111000111101011110110111
1111111111110111111001111110001111101111111000111101011110110111
1111011111110111111001111110001111101111111010111001101110111011
1111011111110111111001111110001111101111110110110001101111111011
1111011111110111111001111110001111101111110110110001101111111011
1111111111110111111001111110001111101111111001111001101110111011
1111111111110111111001111110001111101111111001111001101110111011
1111111111110111111101111110001111101111111001111110011111001111
1111111111110111111101111110001111101111111001111110011111001111
1111111111110111111001111110001111101111111011111110011111011111
1111011111110111111001111110001111101111111000111101011110010111
1111011111110111111001111110001111101111111000111101011110010111
1111011111110111111001111110001111101111111000111101011110010111
1111011111110111111001111110001111100111110110110001101111111011
1111011111110111111001111110001111100111110110110001101111111011
1111011111110111111001111110001111101111110110110011101111111111
1111011111110111111001111110001111101111110110110011101111111111
1111111111110111111101111110001111101111111000110001101111111011
1111111111110111111101111110001111101111111011111110011111001111
1111111111110111111101111110001111101111111011111110011111001111
1111111111110111111101111110001111101111111001111110011111001111
1111111111110111111101111110001111101111111001111110011111001111
1111111111110111111001111110001111101111111000111101011110110111
1111011111110111111001111110001111100111110110111001100110111111
1111011111110111111001111110001111100111110110111001100110111111
1111011111110111111001111110001111100111110110111001100110111111
1111011111110111111001111110001111101111110110110001100111111111
1111011111110111111001111110001111101111110110110001100111111111
1111111111110111111101111110001111101111111001111000101111111011
1111111111110111111101111110001111101111111001111000101111111011
1111111111110111111101111110011111101011111011111110011110001111
1111111111110111111101111110001111101111111011111110011110001111
1111111111110111111101111110001111101111111011111110011110001111
1111111111110111111001111110001111101111111001111101011110110111
1111111111110111111001111110001111101111111001111101011110110111
1111011111110111111001111110001111100111110110111001100110111111
1111011111110111111001111110001111100111110110111001100110111111
1111111111110111111001111110001111101111110110110001100111111111
1111111111110111111001111110001111101111110110110001100111111111
1111111111110111111101111110001111101111111001110000101111111011
1111111111110111111101111110001111101111111001110000101111111011
1111111111110111111101111110011111100011111001111111001111010111
1111111111110111111101111110011111100011111001111111001111010111
1111111111110111111101111110011111101111111001111111011111100111
1111111111110111111101111110011111101111111001111111011111100111
1111111111110111111001111110001111101111111000111101101110010011
1111111111110111111001111110001111101111111000111101101110010011
1111011111110111111001111110001111100111111010111001101111111111
1111011111110111111001111110001111100111111010111001101111111111
1111111111110111111001111110001111101111110010110001100111111111
1111111111110111111101111110001111101111111001110001101111111011
1111111111110111111101111110001111101111111001110001101111111011
1111111111110111111101111110001111101111111011111000011110101111
1111111111110111111101111110001111101111111011111000011110101111
1111111111110111111101111110001111101111111011111110011111001111
1111111111110111111101111110001111101111111011111110011111001111
1111111111110111111001111110001111101111111001111101011110010111
1111111111110111111001111110001111101111111001111101011110010111
1111111111110111111001111110001111101111111000111001101111111011
1111111111110111111001111110001111101111110010110001100111111111
1111111111110111111001111110001111101111110010110001100111111111
1111111111110111111101111110001111101111111001110001101111111011
1111111111110111111101111110001111101111111001110001101111111011
1111111111110111111101111110011111100011111001111110011110010111
1111111111110111111101111110011111100011111001111110011110010111
1111111111110111111101111110011111100011111011111111011101001111
1111111111110111111101111110011111100011111011111111011101001111
1111111111110111111101111110001111101111111001111101011110101111
1111111111110111111101111110001111101111111001111101011110101111
1111111111110111111001111110001111101111111000111101101110111011
1111111111110111111001111110001111101111111000111101101110111011
1111011111110111111001111110001111101111110110110001100111111111
1111111111110111111001111110001111101111110110110011100111111111
1111111111110111111001111110001111101111110110110011100111111111
1111111111110111111001111110001111101111111001110001101111110011
1111111111110111111001111110001111101111111001110001101111110011
1111111111110111111001111110001111101111111001110001101111110011
1111111111110111111101111110001111101111111001111000011110110111
1111111111110111111101111110001111101111111001111000011110110111
1111111111110111111101111110001111101111111011111110011101001111
1111111111110111111001111110001111101111111001111101011110110111
1111111111110111111001111110001111101111111001111101011110110111
1111111111110111111001111110001111101111110110111001100101111111
1111111111110111111001111110001111101111110110111001100101111111
1111111111110111111001111110001111101111110110110011110111111111
1111111111110111111001111110001111101111110110110011110111111111
1111111111110111111101111110001111101111111001111001101101111011
1111111111110111111101111110001111101111111001111000011111110111
1111111111110111111101111110001111101111111001111000011111110111
1111111111110111111101111110001111101111111001111000011111110111
1111111111110111111101111110001111101111111011111110011101001111
1111111111110111111101111110001111101111111011111110011101001111
1111111111110111111001111110001111101111111000111101011110110111
1111111111110111111001111110001111101111111000111101011110110111
1111011111110111111001111110001111101111110110110011101111111111
1111111111110111111001111110001111101111100110110011100111111101
1111111111110111111001111110001111101111100110110011100111111101
1111111111110111111001111110001111101111111001110001001111111001
1111111111110111111001111110001111101111111001110001001111111001
1111111111110111111101111110001111101111111001111000101111110111
1111111111110111111101111110001111101111111001111000101111110111
1111111111110111111001111110001111101111111101111110011101101111
1111011111110111111001111110001111100111111010111101011101010111
1111011111110111111001111110001111100111111010111101011101010111
1111011111110111111000111110111111100011110110111011101111111111
1111011111110111111000111110111111100011110110111011101111111111
1111011111110111111001111110001111101111110001110001011111111011
1111011111110111111001111110001111101111110001110001011111111011
1111111111110111111001111110001111101111111001111000101111111011
1111111111110111111001111110001111101111111001111000101111111011
1111011111110111111001111110001111101111111101111100011100101111
1111011111110111111001111110001111101111111101111100011100101111
1111011111110111111001111110111111100111111010111101001101011111
1111011111110111111001111110111111100111111010111101001101011111
1111011111110111111001111110111111100111111010111101001101011111
1111011111100111111000111110111111100111110101111011011111111111
1111011111110111111001111110001111101111100001110001011111111011
1111011111110111111001111110001111101111100001110001011111111011
1111111111110111111001111110001111101111101001111000011111110111
1111111111110111111001111110001111101111101001111000011111110111
1111011111110111111001111110001111101111111001111110111100101111
1111011111110111111001111110001111101111111001111110111101101111
1111011111110111111000111110111111100011111010111101101101011111
1111011111110111111000111110111111100011111010111101101101011111
1111011111110111111000111110111111100111110101110011011111110111
1111011111110111111001111110001111101111111001111001011111111011
1111011111110111111001111110001111101111111001111001011111111011
1111111111110111111001111110001111101111111001111000011111110111
1111111111110111111001111110001111101111111001111000011111110111
1111011111110111111001111110001111101111111101111110011100101111
1111011111110111111001111110001111101111111101111110011100101111
1111011111110111111001111110111111100111111010111101011111011111
1111011111100111111000111110111111100011100110111011101111111111
1111011111100111111000111110111111100011100110111011101111111111
1111011111110111111000111110111111100111100110110011100111111111
1111011111110111111000111110111111100111100110110011100111111111
1111011111110111111001111110001111101111111001111001011111110111
1111011111110111111001111110001111101111111001111001011111110111
1111011111110111111001111110001111101111111001111001011111110111
1111011111110111111001111110001111101111111001111100011111110111
1111011111110111111001111110001111101111111001111110011101001111
1111011111110111111001111110001111101111111001111110011101001111
1111011111110111111001111110101111100111111010111101001111011111
1111011111110111111001111110101111100111111010111101001111011111
1111011111100111111000111110111111100011110110111011100111111111
1111011111100111111000111110111111100011110110111011100111111111
1111011111110111111001111110001111100011100110010011110111101111
1111111111110111111001111110001111101111111001110001101111111011
1111111111110111111001111110001111101111111001110001101111111011
1111111111110111111101111110001111101111111001111000011110110111
1111111111110111111101111110001111101111111001111000011110110111
1111011111110111111001111110001111101111111101111110011100101111
1111011111110111111001111110001111101111111101111110011100101111
1111011111110111111001111110001111100111111010111101011111011111
1111011111110111111001111110001111100111111010111101011111011111
1111011111100111111000111110111111101011100110111011100111101111
1111011111100111111000111110111111101011100110111011100111101111
1111011111110111111000111110111111100011000110110111100111001111
1111011111110111111000111110111111100011000110110111100111001111
1111011111110111111001111110001111101111101001111000101111111011
1111011111110111111001111110001111101111101001111000101111111011
1111111111110111111001111110001111101111111001111000011111110111
1111011111110111111001111110001111101111111001111110011101101111
1111011111110111111001111110001111101111111001111110011101101111
1111011111110111111000111110111111100111111010111101011101010111
1111011111110111111000111110111111100111111010111101011101010111
1111011111100111111000111110111111101011110110111011101111101111
1111011111100111111000111110111111101011110110111011101111101111
1111011111110111111000111110111111100011100110010111110111101111
1111011111110111111000111110111111100011100110010111110111101111
1111011111110111111001111110001111101111111001111000101111111011
1111011111110111111001111110001111101111111001111000101111111011
1111111111110111111101111110001111101111111001111100001111110111
1111111111110111111101111110001111101111111001111100001111110111
1111011111110111111001111110001111101111111101111111011100101111
1111011111110111111001111110001111101111111101111111011100101111
1111011111110111111001111110101111100111111000111101011111010111
1111011111100111111000111110111111101011100110110011101111101111
1111011111100111111000111110111111101011100110110011101111111111
1111011111110111111001111110101111100011000110011111110111111111
1111011111110111111001111110101111100011000110011111110111111111
1111011111110111111001111110101111100011000110011111110111111111
1111111111110111111001111110001111101111111001110000101111111011
1111111111110111111101111110001111101111111001111000101110110111
1111111111110111111101111110001111101111111001111000101110110111
1111111111110111111101111110001111101111111001111000101110110111
1111111111110111111101111110001111101111111001111000101110110111
1111011111110111111001111110001111101111111101111110011111101111
1111011111110111111001111110001111100111111010111101011111011111
1111011111100111111000111110111111101011110110111011100111111111
1111011111100111111000111110111111101011110110111011100111111111
1111011111100111111000111110111111101011110110111011100111111111
1111011111100111111000111110111111101011110110111011100111111111
1111111111111111111111111111111111111111111111111111111111111111
1111111111111111111111111111111111111111111111111111111111111111
1111111111111111111111111111111111111111111111111111111111111111
1111111111111111111111111111111111111111111111111111111111111111
1111111111111111111111111111111111111111111111111111111111111111
1111111111111111111111111111111111111111111111111111111111111111
1111111111111111111111111111111111111111111111111111111111111111
1111111111111111111111111111111111111111111111111111111111111111
1111111111111111111111111111111111111111111111111111111111111111
1111111111111111111111111111111111111111111111111111111111111111
1111111111111111111111111111111111111111111111111111111111111111
1111111111111111111111111111111111111111111111111111111111111111
1111111111111111111111111111111111111111111111111111111111111111
1111111111111111111111111111111111111111111111111111111111111111
1111111111111111111111111111111111111111111111111111111111111111
1111111111111111111111111111111111111111111111111111111111111111
1111111111111111111111111111111111111111111111111111111111111111
1111111111111111111111111111111111111111111111111111111111111111
1111111111111111111111111111111111111111111111111111111111111111
1111111111111111111111111111111111111111111111111111111111111111
1111111111111111111111111111111111111111111111111111111111111111
1111111111111111111111111111111111111111111111111111111111111111
1111111111111111111111111111111111111111111111111111111111111111
1111111111111111111111111111111111111111111111111111111111111111
1111111111111111111111111111111111111111111111111111111111111111
1111111111111111111111111111111111111111111111111111111111111111
1111111111111111111111111111111111111111111111111111111111111111
1111111111111111111111111111111111111111111111111111111111111111
1111111111111111111111111111111111111111111111111111111111111111
1111111111111111111111111111111111111111111111111111111111111111
1111111111111111111111111111111111111111111111111111111111111111
1111111111111111111111111111111111111111111111111111111111111111
1111111111111111111111111111111111111111111111111111111111111111
1111111111111111111111111111111111111111111111111111111111111111
1111111111111111111111111111111111111111111111111111111111111111
1111111111111111111111111111111111111111111111111111111111111111
1111111111111111111111111111111111111111111111111111111111111111
1111111111111111111111111111111111111111111111111111111111111111
1111111111111111111111111111111111111111111111111111111111111111
1111111111111111111111111111111111111111111111111111111111111111
1111101111111011111100111111100011111011111110111111001111110111
1111101111111011111100111111100011111011111110111111001111110111
1111100111111011111100111111100111111001111101011110010111101101
1111100111111011111100111111100111111001111101011110010111101101
1111100111111011111100111111100111111001111101011110010111101101
1111101111111011111100111111100011111011111101011100110111111110
1111101111111001111100111111000111111011111101011100010111111101
1111101111111001111100111111000111111011111101011100010111111101
1111101111111001111100111111000111111011111101011100010111111101
1111101111111001111100111111000111111011111101011100010111111101
1111101111111001111110111111000111111011111110011110010111101011
1111101111111001111110111111001111111010111110111110001111110011
1111101111111011111100111111100011111011111110111111001111110111
1111101111111011111100111111100011111011111110111111001111110111
1111101111111011111100111111100011111011111110111111001111110111
1111100111111011111100111111100111111001111101011110010111101101
1111101111111011111100111111100011111011111101011100110111111110
1111101111111011111100111111100011111011111101011100110111111110
1111101111111001111100111111000111111011111101011100010111111101
1111101111111001111100111111000111111011111101011100010111111101
1111101111111001111110111111000111111011111110011110010111101011
1111101111111001111110111111001111111010111110111110001111110011
1111101111111001111110111111001111111010111110111110001111110011
1111101111111001111110111111001111111010111110111110001111110011
1111101111111011111100111111100011111011111110111111001111110111
1111100111111011111100111111100111111001111101011110010111101101
1111101111111011111100111111100011111011111101011100110111111110
1111101111111011111100111111100011111011111101011100110111111110
1111101111111001111100111111000111111011111101011100010111111101
1111101111111001111100111111000111111011111101011100010111111101
1111101111111001111100111111000111111011111101011100010111111101
1111101111111001111110111111000111111011111110011110010111101011
1111101111111001111110111111000111111011111110011110010111101011
1111101111111001111110111111000111111011111110011110010111101011
1111101111111001111110111111001111111010111110111110001111110011
1111101111111001111110111111001111111010111110111110001111110011
1111101111111011111100111111100011111011111110111111001111110111
1111100111111011111100111111100111111001111101011110010111101101
1111101111111011111100111111100011111011111101011100110111111110
1111101111111011111100111111100011111011111101011100110111111110
1111101111111011111100111111100011111011111101011100110111111110
1111101111111011111100111111100011111011111101011100110111111110
1111101111111001111100111111000111111011111101011100010111111101
1111101111111001111110111111000111111011111110011110010111101011
1111101111111001111110111111001111111010111110111110001111110011
1111101111111001111110111111001111111010111110111110001111110011
1111101111111001111110111111001111111010111110111110001111110011
1111101111111011111100111111100011111011111110111111001111110111
1111100111111011111100111111100111111001111101011110010111101101
1111100111111011111100111111100111111001111101011110010111101101
1111101111111011111100111111100011111011111101011100110111111110
1111101111111011111100111111100011111011111101011100110111111110
1111101111111001111100111111000111111011111101011100010111111101
1111101111111001111110111111000111111011111110011110010111101011
1111101111111001111110111111000111111011111110011110010111101011
1111101111111001111110111111001111111010111110111110001111110011
1111101111111001111110111111001111111010111110111110001111110011
1111101111111011111100111111100011111011111110111111001111110111
1111101111111011111100111111100011111011111110111111001111110111
1111100111111011111100111111100111111001111101011110010111101101
1111100111111011111100111111100111111001111101011110010111101101
1111100111111011111100111111100111111001111101011110010111101101
1111101111111011111100111111100011111011111101011100110111111110
1111101111111001111100111111000111111011111101011100010111111101
1111101111111001111100111111000111111011111101011100010111111101
1111101111111001111110111111000111111011111110011110010111101011
1111101111111001111110111111000111111011111110011110010111101011
1111101111111001111110111111001111111010111110111110001111110011
1111101111111001111110111111001111111010111110111110001111110011
1111101111111011111100111111100011111011111110111111001111110111
1111100111111011111100111111100111111001111101011110010111101101
1111101111111011111100111111100011111011111101011100110111111110
1111101111111011111100111111100011111011111101011100110111111110
1111101111111001111100111111000111111011111101011100010111111101
1111101111111001111100111111000111111011111101011100010111111101
1111101111111001111110111111000111111011111110011110010111101011
1111101111111001111110111111000111111011111110011110010111101011
1111101111111001111110111111001111111010111110111110001111110011
1111101111111001111110111111001111111010111110111110001111110011
1111101111111001111110111111001111111010111110111110001111110011
1111101111111001111110111111001111111010111110111110001111110011
1111101111111011111100111111100011111011111110111111001111110111
1111101111111011111100111111100011111011111110111111001111110111
1111100111111011111100111111100111111001111101011110010111101101
1111100111111011111100111111100111111001111101011110010111101101
1111101111111011111100111111100011111011111101011100110111111110
1111101111111001111100111111000111111011111101011100010111111101
1111101111111001111110111111000111111011111110011110010111101011
1111101111111001111110111111000111111011111110011110010111101011
1111101111111001111110111111001111111010111110111110001111110011
1111101111111001111110111111001111111010111110111110001111110011
1111101111111011111100111111100011111011111110111111001111110111
1111101111111011111100111111100011111011111110111111001111110111
1111100111111011111100111111100111111001111101011110010111101101
1111100111111011111100111111100111111001111101011110010111101101
1111101111111011111100111111100011111011111101011100110111111110
1111101111111011111100111111100011111011111101011100110111111110
1111101111111001111100111111000111111011111101011100010111111101
1111101111111001111100111111000111111011111101011100010111111101
1111101111111001111110111111000111111011111110011110010111101011
1111101111111001111110111111000111111011111110011110010111101011
1111101111111001111110111111001111111010111110111110001111110011
1111101111111011111100111111100011111011111110111111001111110111
1111100111111011111100111111100111111001111101011110010111101101
1111100111111011111100111111100111111001111101011110010111101101
1111101111111011111100111111100011111011111101011100110111111110
1111101111111011111100111111100011111011111101011100110111111110
1111101111111001111100111111000111111011111101011100010111111101
1111101111111001111100111111000111111011111101011100010111111101
1111101111111001111100111111000111111011111101011100010111111101
1111101111111001111100111111000111111011111101011100010111111101
1111101111111001111110111111000111111011111110011110010111101011
1111101111111001111110111111000111111011111110011110010111101011
1111101111111001111110111111001111111010111110111110001111110011
1111101111111001111110111111001111111010111110111110001111110011
1111101111111011111100111111100011111011111110111111001111110111
1111100111111011111100111111100111111001111101011110010111101101
1111101111111011111100111111100011111011111101011100110111111110
1111101111111011111100111111100011111011111101011100110111111110
1111101111111001111100111111000111111011111101011100010111111101
1111101111111001111100111111000111111011111101011100010111111101
1111101111111001111110111111000111111011111110011110010111101011
1111101111111001111110111111000111111011111110011110010111101011
1111101111111001111110111111001111111010111110111110001111110011
1111101111111001111110111111001111111010111110111110001111110011
1111101111111011111100111111100011111011111110111111001111110111
1111101111111011111100111111100011111011111110111111001111110111
1111100111111011111100111111100111111001111101011110010111101101
1111100111111011111100111111100111111001111101011110010111101101
1111101111111011111100111111100011111011111101011100110111111110
1111101111111001111100111111000111111011111101011100010111111101
1111101111111001111110111111000111111011111110011110010111101011
1111101111111001111110111111000111111011111110011110010111101011
1111101111111001111110111111000111111011111110011110010111101011
1111101111111001111110111111001111111010111110111110001111110011
1111101111111001111100111111000111111011111110111111001111110111
1111101111111001111100111111000111111011111110111111001111110111
1111101111111011111100111111000011111011111101011110001111101011
1111101111111011111100111111000011111011111101011110001111101011
1111101111111011111100111111000011111011111101011110001111101011
1111100111111011111100111111100111111001111101101100111011011111
1111101111111001111100111111000111111011111101011100010111111101
1111101111111001111100111111000111111011111101011100010111111101
1111101111111001111110111111001111111011111110011110000111111011
1111101111111001111110111111001111111011111110011110000111111011
1111101111111001111110111111001111111011111110011110000111111011
1111101111111001111110111111000111111011111110111111001111110111
1111101111111011111100111111000111111011111101011111000111101011
1111101111111011111100111111000111111011111101011111000111101011
1111101111111011111100111111000111111011111101011111000111101011
1111100111111011111100111111000111111001111101101100111011111111
1111111111111111111111111111111111111111111111111111111111111111
1111111111111111111111111111111111111111111111111111111111111111
1111111111111111111111111111111111111111111111111111111111111111
1111111111111111111111111111111111111111111111111111111111111111
1111111111111111111111111111111111111111111111111111111111111111
1111111111111111111111111111111111111111111111111111111111111111
1111111111111111111111111111111111111111111111111111111111111111
1111111111111111111111111111111111111111111111111111111111111111
1111111111111111111111111111111111111111111111111111111111111111
1111111111111111111111111111111111111111111111111111111111111111
1111111111111111111111111111111111111111111111111111111111111111
1111111111111111111111111111111111111111111111111111111111111111
1111111111111111111111111111111111111111111111111111111111111111
1111111111111111111111111111111111111111111111111111111111111111
1111111111111111111111111111111111111111111111111111111111111111
1111111111111111111111111111111111111111111111111111111111111111
1111111111111111111111111111111111111111111111111111111111111111
1111111111111111111111111111111111111111111111111111111111111111
1111111111111111111111111111111111111111111111111111111111111111
1111111111111111111111111111111111111111111111111111111111111111
1111111111111011111000111111001111110111110000111001011110111111
1111111111111011111000111111001111110111110000111001011110111111
1111111111111011111100111111001111100011111010111000100111111111
1111111111111011111100111111001111100011111010111000100111111111
1111111111111011111110111111011111110111111100111100001111011011
1111111111111011111100111111001111110111111100111111001111110111
1111111111111011111000111111001111110111111000111110101111011011
1111111111111011111000111111001111110111111000111110101111011011
1111111111111011111000011111011111100011110000111001011110111111
1111111111111011111000011111011111100011110000111001011110111111
1111111111111001111100111111011111100011110011010011110111111111
1111111111111001111100111111011111100011110011010011110111111111
1111111111111011111100111111011111100111111010111000101111111010
1111111111111011111100111111011111100111111010111000101111111010
1111111111111011111100111111001111100111111100111110011100110110
1111111111111011111100111111001111100111111100111110011100110110
1111111111111011111100111111011111100011111010111110101101001110
1111111111111011111100111111011111100011111010111110101101001110
1111111111111001111100111111011111100011110001111101111110111100
1111111111111001111100111111011111100011110001111101111110111100
1111111111111001111100111111011111100011110111010011110111110111
1111111111111011111100111111001111101111111000111000101111110010
1111111111111011111100111111001111101111111000111000101111110010
1111111111111011111000011111011111100111111101111110011100101110
1111111111111011111000011111011111100111111101111110011100101110
1111111111111001111100111111011111100111111010111110011101010110
1111111111111001111100111111011111100111111010111110011101010110
1111111111111001111100111111011111100011110001111101011110111100